2.584245
2.099447
1.940794
1.847635
1.779754
1.722019
1.672146
1.627361
1.581858
1.540808
1.502943
1.463441
1.428651
1.393530
1.359254
1.325426
1.293718
1.262042
1.233186
1.203083
1.173495
1.145114
1.118706
1.087830
1.064043
1.037767
1.010808
0.986865
0.962419
0.936126
0.914327
0.890164
0.867049
0.847002
0.824872
0.804455
0.784669
0.764824
0.745993
0.728976
0.710239
0.693459
0.676166
0.659658
0.645679
0.630802
0.615434
0.600522
0.586380
0.573159
0.560289
0.548071
0.538417
0.524444
0.512630
0.502035
0.491989
0.480935
0.472601
0.461071
0.452762
0.444718
0.435689
0.427234
0.419862
0.412864
0.406333
0.397496
0.390824
